TA Z55A -82.1359 33.2211 0.29 0.81 0.48
N4 Z56A -81.3687 33.3253 0.41 1.02 0.64
Z9 E31 -82.1070 32.9866 0.44 1.07 0.64
N4 Y59A -78.8737 33.9897 0.46 1.17 0.57
N4 Y58A -79.6665 33.9057 0.49 1.17 0.61
TA Z57A -80.7039 33.2970 0.67 1.48 0.63
TA Z59A -79.2780 33.2414 0.67 1.63 0.63
TA 155A -82.4665 32.6219 0.70 1.64 0.55
TA Z58A -79.8129 33.3349 0.73 1.69 0.59
Z9 E30 -82.1091 32.6958 0.78 1.73 0.63
TA 157A -80.9972 32.6780 0.85 1.99 0.54
CO TEEBA -80.1911 32.8975 0.86 2.05 0.65
TA 156A -81.4950 32.6542 0.88 2.06 0.51
TA 158A -80.1935 32.7364 0.91 2.20 0.47
